61 1
271 1
481 1
721 1
901 1
1111 1
1321 1
1501 1
1711 1
1921 1
2131 1
2341 1
2551 1
2590 181
2380 181
2170 181
1960 181
1750 181
1510 181
1300 181
1090 181
880 181
670 181
460 181
250 181
40 181
30 361
240 361
450 361
660 361
900 361
1110 361
1320 361
1560 361
1800 361
2010 361
2220 361
2430 361
2590 541
2380 541
2170 541
1960 541
1750 541
1540 541
1330 541
1120 541
910 541
700 541
490 541
280 541
70 541
30 721
240 721
450 721
660 721
870 721
1080 721
1290 721
1500 721
1710 721
1950 721
2190 721
2400 721
2610 721
2590 901
2380 901
2170 901
1960 901
1750 901
1570 901
1360 901
1150 901
940 901
730 901
520 901
310 901
130 901
30 1081
240 1081
450 1081
660 1081
870 1081
1080 1081
1290 1081
1500 1081
1710 1081
1920 1081
2130 1081
2340 1081
2550 1081
2590 1261
2380 1261
2170 1261
1960 1261
1750 1261
1540 1261
1330 1261
1120 1261
910 1261
700 1261
490 1261
280 1261
70 1261
30 1441
