340 1
338 98
354 193
361 291
366 385
366 482
354 578
347 677
339 775
346 873
351 969
349 1066
346 1163
345 1262
344 1361
2352 1
2355 98
2361 196
2365 294
2367 393
2364 491
2356 587
2352 685
2345 781
2341 878
2338 976
2343 1074
2345 1170
2345 1269
2346 1368
0 1108
95 1089
193 1086
292 1086
387 1088
486 1087
584 1079
683 1072
778 1066
876 1059
974 1057
1068 1057
1159 1059
1258 1061
1357 1062
1451 1062
1547 1060
1644 1061
1741 1066
1840 1067
1934 1067
2027 1063
2125 1058
2222 1058
2315 1059
2410 1060
2508 1061
1 264
98 262
198 262
293 264
388 268
484 272
578 273
673 270
772 264
869 261
963 259
1062 260
1161 263
1258 265
1354 266
1452 266
1551 263
1650 261
1748 260
1846 259
1944 255
2043 247
2101 243
2200 239
2298 238
2396 238
2495 238
1284 1
1284 101
1294 196
1304 293
1308 391
1302 490
1296 587
1282 683
1270 778
1271 877
1276 976
1280 1074
1276 1168
1270 1266
1269 1365
1 705
95 694
194 695
294 695
390 698
487 704
586 712
679 717
778 717
871 715
966 712
1060 711
1159 710
1254 710
1348 707
1446 702
1545 697
1635 696
1731 695
1823 694
1917 694
2015 696
2113 700
2205 703
2303 705
2402 704
2499 704
902 1
900 99
902 197
905 296
911 394
912 493
839 517
740 515
644 515
546 516
448 521
350 525
251 525
152 525
54 524
1 911
95 901
191 903
289 907
386 912
481 916
578 917
674 916
770 916
869 918
920 965
918 1064
913 1162
914 1261
912 1359
2557 955
2461 947
2371 945
2273 945
2175 944
2076 943
1977 943
1877 943
1778 945
1741 1003
1749 1101
1751 1199
1746 1298
1749 1397
1617 1
1612 96
1633 189
1663 281
1710 365
1785 426
1873 466
1963 488
2058 503
2157 506
2254 504
2349 503
2448 503
2545 504
1192 253
1094 251
1003 283
930 342
882 423
862 515
860 611
885 704
938 787
1012 850
1104 885
1199 910
1295 930
2013 87
1920 96
1832 136
1755 197
1695 270
1658 361
1645 455
1657 551
1710 631
1792 683
1882 716
1977 737
2073 747
2169 748
2264 742
2362 736
765 1
756 98
742 196
726 291
697 382
646 466
572 524
483 561
390 591
296 614
199 627
103 639
6 647
1 763
96 764
194 766
291 775
385 791
471 809
562 842
650 886
727 945
799 1012
865 1083
921 1163
961 1251
991 1344
1017 1435
1282 1438
1312 1350
1352 1260
1394 1175
1439 1088
1484 1009
1533 925
1589 843
1652 774
1727 715
1812 667
1895 628
1983 589
2072 546
2155 496
2212 423
2225 330
2206 237
2179 148
2158 54
755 0
659 17
570 51
485 99
407 159
338 229
285 309
244 395
225 477
225 576
254 669
310 747
385 808
464 856
544 897
628 940
710 989
788 1038
868 1085
952 1137
1030 1197
1104 1260
1173 1320
1251 1381
1324 1439
