61 1
271 1
481 1
691 1
901 1
1111 1
1321 1
1531 1
1741 1
1951 1
2161 1
2371 1
2581 1
2590 181
2380 181
2200 181
1990 181
1780 181
1570 181
1360 181
1150 181
940 181
730 181
520 181
310 181
100 181
30 361
240 361
450 361
660 361
870 361
1080 361
1290 361
1530 361
1740 361
1950 361
2160 361
2370 361
2610 361
2590 541
2380 541
2170 541
1960 541
1720 541
1510 541
1300 541
1090 541
880 541
670 541
460 541
250 541
40 541
30 721
240 721
450 721
660 721
870 721
1110 721
1320 721
1530 721
1770 721
1950 721
2160 721
2370 721
2580 721
2590 901
2380 901
2170 901
1960 901
1750 901
1540 901
1330 901
1120 901
910 901
700 901
490 901
280 901
70 901
30 1081
240 1081
450 1081
660 1081
870 1081
1080 1081
1290 1081
1530 1081
1740 1081
1950 1081
2160 1081
2370 1081
2580 1081
2590 1261
2380 1261
2170 1261
1960 1261
1750 1261
1540 1261
1330 1261
1120 1261
910 1261
700 1261
490 1261
280 1261
70 1261
30 1441
