61 1
271 1
481 1
691 1
901 1
1141 1
1321 1
1561 1
1771 1
1981 1
2191 1
2401 1
2611 1
2590 181
2380 181
2170 181
1960 181
1750 181
1540 181
1300 181
1090 181
880 181
670 181
460 181
250 181
40 181
30 361
270 361
480 361
690 361
900 361
1110 361
1320 361
1530 361
1740 361
1950 361
2160 361
2400 361
2610 361
2590 541
2380 541
2170 541
1960 541
1750 541
1540 541
1330 541
1120 541
910 541
700 541
460 541
250 541
40 541
30 721
240 721
450 721
660 721
870 721
1080 721
1290 721
1500 721
1710 721
1920 721
2130 721
2370 721
2580 721
2590 901
2380 901
2140 901
1930 901
1720 901
1510 901
1300 901
1090 901
880 901
670 901
460 901
220 901
10 901
30 1081
240 1081
450 1081
660 1081
870 1081
1080 1081
1290 1081
1500 1081
1710 1081
1920 1081
2130 1081
2340 1081
2550 1081
2590 1261
2380 1261
2170 1261
1960 1261
1750 1261
1540 1261
1330 1261
1090 1261
880 1261
670 1261
460 1261
250 1261
40 1261
30 1441
