350 308
448 306
547 304
644 307
741 310
840 311
937 304
1035 301
1133 304
1233 304
1331 303
1407 306
1503 297
1602 299
1701 301
1794 299
1892 300
1988 302
2088 302
2187 300
289 1090
377 1074
476 1073
575 1072
672 1067
770 1059
868 1053
965 1043
1062 1042
1161 1043
1261 1043
1358 1044
1456 1045
1554 1040
1654 1040
1753 1042
1850 1046
1948 1053
2039 1067
2136 1081
2234 1088
2332 1092
544 61
537 157
532 255
533 353
533 447
532 544
523 638
516 734
508 831
500 928
491 1023
486 1119
479 1214
2007 48
2003 144
2004 243
2012 340
2015 439
2015 539
2014 638
2019 734
2022 829
2023 928
2024 1027
2026 1126
2020 1222
