420 237
514 245
602 256
687 265
777 274
870 285
967 293
1057 297
1143 299
1234 299
1331 298
1426 296
1521 293
1617 291
1714 290
1813 291
1911 292
2009 291
2104 277
519 461
609 492
703 522
797 543
892 559
980 572
1076 589
1171 616
1259 659
1339 713
1408 784
1465 860
1503 950
588 860
684 871
782 874
881 873
978 869
1076 860
1167 849
1259 832
1345 797
1426 743
1490 673
1546 599
1601 520
1657 441
1697 351
1727 260
351 110
273 158
216 237
187 325
179 416
193 514
225 604
285 675
371 720
465 747
562 768
658 780
752 787
450 362
515 432
587 496
664 556
744 615
822 672
898 733
972 796
1042 844
1119 898
1197 949
1275 1004
1352 1065
2464 31
2471 126
2475 225
2476 323
2478 422
2479 517
2472 613
2454 710
2442 806
2440 904
2444 1003
2448 1102
2447 1200
2444 1298
132 46
129 143
131 241
137 337
145 436
144 529
141 628
146 722
161 820
172 918
166 1012
151 1107
132 1199
130 1297
226 1298
324 1306
421 1310
513 1314
611 1319
705 1324
800 1330
890 1337
986 1345
1084 1355
1183 1360
1281 1363
1371 1363
1469 1362
1565 1361
1656 1356
1754 1347
1850 1337
1948 1328
2045 1318
2140 1310
2237 1315
2335 1322
2433 1320
2095 0
2094 97
2096 194
2112 292
2148 379
2208 456
2289 508
2382 538
2477 553
617 1
617 98
598 194
567 287
516 369
447 436
366 490
275 527
185 563
91 575
3 903
98 917
191 941
282 972
368 1015
450 1068
525 1129
576 1211
618 1300
656 1388
2558 833
2463 844
2368 869
2279 905
2194 952
2119 1013
2051 1083
2010 1166
1991 1263
1987 1358
1282 1
1284 99
1279 193
1275 291
1277 388
1283 484
1289 577
1295 670
1300 760
1303 854
1303 948
1304 1044
1302 1143
1295 1241
1286 1339
1292 1436
2 297
90 311
181 320
263 327
361 338
460 348
533 354
631 360
716 364
815 366
914 367
1003 368
1096 368
1189 368
1275 365
1365 362
1459 358
1543 356
1637 353
1724 349
1823 342
1922 333
2013 324
2111 317
2210 316
2308 315
2404 308
2502 296
2557 1012
2460 1010
2368 1008
2286 1008
2208 1009
2112 1012
2021 1021
1932 1028
1844 1030
1754 1034
1657 1037
1559 1037
1464 1036
1378 1036
1284 1034
1188 1033
1093 1032
1002 1028
910 1025
819 1023
721 1022
623 1025
527 1026
431 1025
334 1024
236 1025
136 1025
38 1029
0 1040
98 1036
177 1036
265 1037
354 1039
427 1041
517 1043
609 1045
701 1046
780 1047
868 1047
941 1047
1032 1045
1126 1043
1215 1040
1305 1039
1389 1038
1477 1036
1562 1035
1662 1035
1761 1038
1856 1041
1955 1045
2050 1048
2148 1058
2239 1073
2337 1078
2436 1078
2534 1073
2104 1
2116 97
2121 196
2121 292
2121 392
2117 485
2113 582
2112 681
2116 779
2133 874
2142 971
2142 1070
2132 1167
2113 1264
2099 1359
629 1
613 93
601 188
599 286
597 384
599 479
598 574
598 665
600 760
604 847
613 942
622 1036
626 1135
623 1233
619 1328
622 1426
373 308
301 348
295 444
320 538
395 597
474 613
564 629
662 635
755 623
852 600
937 573
1031 541
1117 506
1206 468
1299 440
1395 419
1487 408
1582 400
1680 395
1771 412
1855 452
1928 512
1996 578
2056 656
2091 748
2080 842
212 951
242 1038
311 1107
395 1143
490 1162
585 1177
678 1183
768 1183
857 1176
954 1165
1051 1150
1142 1128
1226 1098
1310 1061
1399 1028
1488 1008
1586 996
1679 989
1777 985
1875 980
1971 986
2067 1006
2156 1044
2228 1105
2289 1181
253 132
232 221
267 304
322 384
388 450
472 499
558 527
645 541
731 545
825 541
922 528
1010 512
1099 494
1188 466
1275 425
1349 383
1429 329
1505 272
1579 219
1673 191
1769 179
1866 180
1964 189
2053 205
2137 238
2217 292
2285 359
2329 445
2343 541
