61 1
301 1
511 1
721 1
931 1
1141 1
1351 1
1561 1
1771 1
1981 1
2191 1
2401 1
2611 1
2590 181
2380 181
2170 181
1960 181
1750 181
1510 181
1300 181
1090 181
880 181
670 181
460 181
250 181
40 181
30 361
240 361
450 361
690 361
900 361
1110 361
1320 361
1530 361
1770 361
1980 361
2190 361
2400 361
2610 361
2590 541
2380 541
2170 541
1960 541
1750 541
1540 541
1330 541
1120 541
910 541
700 541
490 541
280 541
40 541
30 721
240 721
450 721
660 721
870 721
1050 721
1290 721
1500 721
1710 721
1890 721
2130 721
2340 721
2550 721
2590 901
2380 901
2170 901
1960 901
1720 901
1510 901
1300 901
1090 901
910 901
670 901
460 901
250 901
10 901
30 1081
240 1081
450 1081
660 1081
870 1081
1080 1081
1290 1081
1500 1081
1710 1081
1920 1081
2160 1081
2370 1081
2580 1081
2590 1261
2410 1261
2200 1261
1990 1261
1780 1261
1570 1261
1360 1261
1150 1261
940 1261
730 1261
520 1261
310 1261
100 1261
30 1441
