583 1
576 96
577 193
581 291
573 389
572 487
572 585
570 683
570 782
569 880
568 978
566 1077
564 1176
564 1275
556 1372
2066 1
2080 93
2085 191
2087 290
2091 389
2093 488
2087 586
2078 679
2076 777
2075 876
2067 971
2058 1066
2058 1166
2057 1264
2053 1363
1 1036
95 1031
190 1038
289 1038
387 1040
486 1044
583 1048
680 1046
779 1039
876 1033
973 1032
1067 1031
1165 1030
1232 1025
1331 1015
1430 1012
1530 1012
1627 1013
1726 1013
1825 1016
1919 1021
2017 1022
2117 1022
2217 1022
2316 1024
2411 1028
2507 1030
1 293
97 292
194 290
290 293
389 297
487 299
586 301
685 299
783 295
882 294
981 295
1076 292
1174 289
1267 283
1362 282
1462 282
1560 280
1657 278
1754 278
1849 277
1949 277
2048 274
2147 270
2243 269
2336 274
2435 283
2532 291
2335 92
2326 126
722 1
706 94
687 188
649 276
598 356
533 424
455 480
371 522
278 549
185 573
94 593
1916 1
1938 92
1981 175
2030 256
2088 332
2159 395
2240 448
2322 493
2411 529
2505 555
2558 839
2468 854
2386 895
2301 928
2219 969
2148 1030
2097 1108
2045 1186
2005 1274
1982 1365
1 807
98 804
192 823
280 857
367 895
451 944
532 995
605 1057
659 1136
702 1223
731 1313
757 1405
440 407
537 406
634 403
733 400
830 400
928 400
1026 398
1124 403
1220 407
1319 407
1417 408
1515 403
315 922
408 909
504 905
601 905
701 905
801 905
896 903
995 899
1091 894
1186 890
1281 887
1379 886
1477 883
1574 878
1671 875
1766 874
1866 874
1965 874
2063 874
2161 873
2558 202
2461 196
2364 203
2272 223
2193 278
2134 354
2102 445
2098 544
2118 636
2154 725
2206 805
2272 870
2357 917
2446 943
2543 954
587 255
594 351
599 448
604 544
609 639
611 738
611 835
607 932
608 1030
609 1128
1732 152
1716 243
1713 342
1712 439
1713 534
1715 633
1716 732
1716 832
1716 922
1716 1022
1715 1120
1711 1218
270 73
190 122
144 206
143 303
172 396
234 472
312 532
380 597
435 675
480 763
519 852
515 949
477 1037
404 1100
320 1148
234 1192
119 1216
218 1214
316 1210
415 1207
511 1198
605 1179
697 1143
782 1095
859 1042
931 974
985 892
1032 805
1078 717
1126 630
1176 546
1229 464
1293 391
1371 331
1463 305
1559 291
1653 287
1744 281
1840 268
1937 252
2034 241
2129 235
2227 235
