390 245
478 231
567 228
659 227
757 226
855 227
953 228
1052 228
1147 228
1247 228
1339 232
1438 233
1536 227
1632 226
1730 225
1828 226
1926 229
2023 229
2121 229
475 23
472 120
470 218
472 316
469 414
461 510
447 608
432 705
421 802
408 896
396 994
385 1088
375 1185
368 1281
2123 28
2122 126
2120 221
2115 320
2109 418
2106 515
2101 612
2090 705
2082 802
2070 897
2056 990
2042 1086
2028 1180
2013 1274
179 1240
273 1228
372 1225
471 1225
564 1219
661 1214
758 1213
858 1213
957 1214
1051 1211
1147 1202
1243 1198
1338 1195
1434 1196
1530 1196
1624 1201
1722 1207
1820 1213
1919 1216
2018 1216
2118 1216
2217 1216
2315 1213
1016 3
1017 102
1017 202
1014 301
1011 398
1015 496
1020 594
929 615
831 614
734 607
635 607
537 608
438 612
339 615
241 615
142 615
43 614
1881 1
1860 94
1860 193
1868 290
1880 385
1892 483
1895 580
1971 591
2063 584
2162 583
2260 583
2357 585
2454 588
2553 593
1296 1
1309 95
1309 193
1301 290
1299 388
1298 483
1299 582
1303 680
1304 776
1293 871
1273 965
1270 1061
1280 1158
1275 1252
1266 1348
1276 1439
1 903
99 903
199 903
299 903
398 903
495 905
593 906
692 909
786 915
791 1011
794 1110
790 1209
780 1306
774 1403
2557 964
2463 961
2366 965
2270 965
2173 969
2079 969
1983 968
1885 968
1855 1036
1873 1131
1890 1227
1896 1324
1900 1421
