61 1
271 1
481 1
691 1
931 1
1141 1
1351 1
1561 1
1771 1
1981 1
2191 1
2401 1
2611 1
2590 181
2380 181
2170 181
1960 181
1750 181
1540 181
1330 181
1150 181
940 181
730 181
520 181
310 181
100 181
30 361
240 361
450 361
660 361
870 361
1080 361
1290 361
1500 361
1710 361
1920 361
2130 361
2340 361
2550 361
2590 541
2380 541
2170 541
1960 541
1750 541
1540 541
1330 541
1120 541
940 541
730 541
520 541
340 541
130 541
30 721
240 721
450 721
690 721
870 721
1080 721
1290 721
1500 721
1710 721
1920 721
2130 721
2340 721
2520 721
2590 901
2380 901
2170 901
1960 901
1750 901
1510 901
1300 901
1090 901
910 901
670 901
460 901
280 901
70 901
30 1081
270 1081
480 1081
720 1081
930 1081
1140 1081
1350 1081
1560 1081
1770 1081
2010 1081
2220 1081
2400 1081
2610 1081
2590 1261
2380 1261
2170 1261
1960 1261
1750 1261
1540 1261
1330 1261
1120 1261
910 1261
700 1261
460 1261
250 1261
40 1261
30 1441
